p <- 34; p
z = p > 3

