cc <- 55
dd <- 11
