pff <- 42
pff/3
zz <- 32; z

