pff <- 42
pff/3
zz <- 32; z

a <- c(1,2,3)
a < 2

